1.840188
1.394383
1.783099
1.798440
1.911647
1.197551
1.335223
1.768230
1.277775
1.553970
1.477397
1.628871
1.364784
1.513401
1.952230
1.916195
1.635712
1.717297
1.141603
1.606969
1.016301
1.242887
1.137232
1.804177
1.156679
1.400944
1.129790
1.108809
1.998925
1.218257
1.512932
1.839112
1.612640
1.296032
1.637552
1.524287
1.493583
1.972775
1.292517
1.771358
1.526745
1.769914
1.400229
1.891529
1.283315
1.352458
1.807725
1.919026
1.069755
1.949327
1.525995
1.086056
1.192214
1.663227
1.890233
1.348893
1.064171
1.020023
1.457702
1.063096
1.238280
1.970634
1.902208
1.850920
1.266666
1.539760
1.375207
1.760249
1.512535
1.667724
1.531606
1.039280
1.437638
1.931835
1.930810
1.720952
1.284293
1.738534
1.639979
1.354049
1.687861
1.165974
1.440105
1.880075
1.829201
1.330337
1.228968
1.893372
1.350360
1.686670
1.956468
1.588640
1.657304
1.858676
1.439560
1.923970
1.398437
1.814767
1.684219
1.910972
1.482491
1.215825
1.950252
1.920128
1.147660
1.881062
1.641081
1.431953
1.619596
1.281059
1.786002
1.307458
1.447034
1.226107
1.187533
1.276235
1.556444
1.416501
1.169607
1.906804
1.103171
1.126075
1.495444
1.760475
1.984752
1.935004
1.684445
1.383188
1.749771
1.368664
1.294160
1.232262
1.584489
1.244413
1.152390
1.732149
1.125475
1.793470
1.164102
1.745071
1.074530
1.950104
1.052529
1.521563
1.176211
1.240062
1.797798
1.732654
1.656564
1.967405
1.639458
1.759735
1.093480
1.134902
1.520210
1.078232
1.069906
1.204655
1.461420
1.819677
1.573319
1.755581
1.051939
1.157807
1.999994
1.204329
1.889956
1.125468
1.997799
1.054058
1.870540
1.072329
1.004162
1.923069
1.593892
1.180372
1.163131
1.391690
1.913027
1.819695
1.359095
1.552485
1.579430
1.452576
1.687387
1.099640
1.530808
1.757294
1.304295
1.992228
1.576971
1.877614
1.747809
1.628910
1.035421
1.747803
1.833239
1.925377
1.873271
1.831038
1.979434
1.743811
1.903366
1.983596
1.666880
1.497259
1.163968
1.830012
1.888949
1.076995
1.649707
1.248044
1.629480
1.229137
1.700620
1.316867
1.328777
1.231428
1.074161
1.633072
1.223656
1.651132
1.510686
1.971466
1.280042
1.546107
1.719269
1.113281
1.471483
1.592540
1.944318
1.450918
1.336351
1.847684
1.434513
1.003231
1.344943
1.598481
1.833243
1.233892
1.675476
1.482950
1.481936
1.304956
1.712087
1.182556
1.621823
1.040864
1.413984
1.695984
1.673936
1.637640
1.347116
1.184622
1.609106
1.627158
1.730729
1.328374
1.740438
1.202213
1.920914
1.684757
1.653130
1.257265
1.532441
1.087644
1.260497
1.877384
1.686125
1.093740
1.111276
1.361601
1.576691
1.593211
1.666557
1.288778
1.775767
1.288379
1.329642
1.189751
1.984363
1.003579
1.827391
1.331479
1.188201
1.436497
1.958637
1.918930
1.764871
1.699075
1.121143
1.685786
1.383832
1.774273
1.943051
1.916273
1.861917
1.203548
1.793657
1.548042
1.297288
1.904932
1.909643
1.873979
1.498144
1.576200
1.162757
1.273911
1.864579
1.492399
1.463662
1.848942
1.495977
1.291053
1.180421
1.684178
1.727550
1.139058
1.603109
1.492422
1.838134
1.724252
1.178208
1.221966
1.498525
1.121259
1.138238
1.360443
1.324807
1.931895
1.908485
1.622095
1.836828
1.818128
1.496074
1.334972
1.394327
1.658831
1.608883
1.258906
1.151230
1.072545
1.107848
1.647207
1.363598
1.288270
1.331386
1.091149
1.427328
1.934495
1.583570
1.265461
1.658747
1.761778
1.487427
1.157272
1.883037
1.625665
1.517715
1.207844
1.557561
1.426199
1.829939
1.394388
1.244327
1.326013
1.729360
1.638654
1.984845
1.338243
1.897560
1.136075
1.410788
1.005409
1.783282
1.774386
1.293678
1.114668
1.865535
1.721006
1.049162
1.449105
1.986467
1.707909
1.210883
1.473894
1.865181
1.093920
1.099559
1.382896
1.301763
1.657120
1.809095
1.131702
1.051508
1.053422
1.457716
1.780868
1.692076
1.442560
1.119111
1.589637
1.578635
1.529899
1.595045
1.361917
1.304285
1.888723
1.476585
1.169820
1.609729
1.525747
1.618925
1.596196
1.233656
1.829808
1.070090
1.098837
1.923728
1.169650
1.481733
1.225491
1.826769
1.290829
1.357193
1.878278
1.344251
1.814909
1.659146
1.036327
1.257469
1.778257
1.625964
1.836104
1.308157
1.221009
1.198021
1.612442
1.109733
1.674605
1.782262
1.719462
1.200352
1.401188
1.315658
1.434009
1.230996
1.385748
1.532846
1.154724
1.555398
1.014579
1.380215
1.382167
1.305408
1.737408
1.260445
1.649659
1.552316
1.919591
1.685986
1.809785
1.697848
1.311950
1.645889
1.006005
1.532960
1.843910
1.618447
1.642693
1.518515
1.400709
1.362154
1.718867
1.801897
1.677812
1.152876
1.032893
1.063561
1.685722
1.187616
1.618958
1.700301
1.567831
1.001125
1.005709
1.305239
1.261570
1.655368
1.857555
1.181161
1.341354
1.667341
1.879009
1.653305
1.313230
1.885014
1.186265
1.157139
1.503461
1.828957
1.675654
1.904170
1.191112
1.394521
1.706067
1.868924
1.547397
1.738959
1.932485
1.233119
1.926576
1.551443
1.933420
1.494407
1.552568
1.939129
1.799646
1.814139
1.594497
1.657201
1.995300
1.935852
1.324541
1.874309
1.589157
1.637771
1.759324
1.775421
1.794910
1.262785
1.604379
1.470564
1.166955
1.795490
1.865086
1.873021
1.664414
1.412483
1.611981
1.596899
1.645601
1.538557
1.148342
1.579022
1.032963
1.700910
1.518151
1.832609
1.515049
1.112648
1.489810
1.510349
1.048500
1.814351
1.384658
1.637656
1.452122
1.143982
1.413078
1.247033
1.406767
1.017457
1.717597
1.573721
1.812947
1.582682
1.446743
1.477361
1.995165
1.058723
1.074260
1.640766
1.597280
1.222602
1.219788
1.630243
1.923513
1.737939
1.462852
1.438562
1.850586
1.952662
1.948911
1.899086
1.767014
1.333569
1.536742
1.219136
1.477551
1.949820
1.466169
1.884318
1.967277
1.183765
1.458039
1.780224
1.766448
1.904782
1.257585
1.761612
1.963505
1.331846
1.402379
1.560785
1.554448
1.622167
1.191028
1.477961
1.360105
1.653880
1.916523
1.210692
1.606542
1.865434
1.109778
1.373556
1.199003
1.646520
1.592692
1.676554
1.596341
1.058860
1.560872
1.563617
1.242626
1.018911
1.343841
1.009073
1.923692
1.601427
1.770686
1.887197
1.933273
1.173065
1.447982
1.487721
1.795231
1.639009
1.965682
1.155336
1.292889
1.882204
1.366028
1.899431
1.747638
1.475806
1.272987
1.946640
1.122326
1.865679
1.623194
1.718666
1.924540
1.184066
1.282284
1.167165
1.202977
1.626125
1.176239
1.126669
1.227552
1.946925
1.013866
1.160824
1.119989
1.461848
1.648545
1.915221
1.100857
1.614227
1.070557
1.393746
1.496431
1.436585
1.293177
1.244069
1.912391
1.566164
1.190709
1.034716
1.431844
1.813904
1.753383
1.356383
1.997970
1.035666
1.523548
1.200947
1.661792
1.699787
1.327616
1.889343
1.646712
1.341482
1.050168
1.766701
1.803330
1.698713
1.681922
1.904187
1.312940
1.752479
1.297933
1.809371
1.189064
1.591111
1.053439
1.101454
1.157275
1.244149
1.136171
1.589119
1.058052
1.889553
1.945502
1.056022
1.925220
1.469050
1.256969
1.587011
1.168837
1.584585
1.476355
1.815549
1.926068
1.526523
1.582250
1.729398
1.225236
1.264172
1.633585
1.538175
1.016651
1.931518
1.347546
1.205714
1.522629
1.400985
1.307168
1.679904
1.645134
1.443339
1.269022
1.703186
1.332892
1.214524
1.759208
1.258112
1.683574
1.016177
1.845123
1.852411
1.600763
1.321478
1.667960
1.526830
1.848000
1.250210
1.256228
1.073236
1.514382
1.889813
1.611411
1.531033
1.821331
1.958957
1.736747
1.343959
1.359942
1.043915
1.023863
1.005076
1.487254
1.292886
1.708262
1.820146
1.507410
1.467471
1.078258
1.190984
1.483648
1.923381
1.043395
1.084411
1.244858
1.711355
1.611241
1.092858
1.961565
1.867469
1.166094
1.475947
1.757282
1.777505
1.006980
1.578613
1.736462
1.743727
1.922572
1.096404
1.787642
1.946435
1.101480
1.274897
1.239321
1.809743
1.095043
1.746730
1.277214
1.173301
1.937714
1.760862
1.096681
1.981109
1.845273
1.341540
1.692463
1.456514
1.434398
1.654029
1.323983
1.600492
1.129976
1.081265
1.377997
1.136956
1.659878
1.114459
1.880683
1.582450
1.210863
1.668326
1.528885
1.312343
1.943222
1.768206
1.122086
1.038265
1.514936
1.399300
1.211565
1.452650
1.160162
1.308247
1.433758
1.005435
1.649787
1.126222
1.461949
1.084185
1.780251
1.785932
1.684677
1.910227
1.867197
1.062674
1.047183
1.527075
1.177133
1.927866
1.109525
1.387996
1.596191
1.638409
1.700340
1.539413
1.406615
1.822426
1.577678
1.921551
1.221726
1.789244
1.374201
1.381888
1.097491
1.807959
1.387323
1.747277
1.934181
1.849272
1.831462
1.714432
1.635204
1.516139
1.624658
1.502401
1.578813
1.671841
1.029476
1.755945
1.599707
1.139001
1.143942
1.195898
1.777410
1.844281
1.735311
1.184025
1.666707
1.312990
1.105576
1.888433
1.102233
1.479777
1.270321
1.199724
1.287736
1.657643
1.947001
1.221918
1.506915
1.778463
1.936349
1.142119
1.294601
1.561007
1.644520
1.873414
1.232848
1.673996
1.629359
1.832555
1.812997
1.773301
1.028453
1.590407
1.617582
1.763764
1.774432
1.284289
1.076753
1.880009
1.172722
1.178987
1.359786
1.443043
1.378710
1.647522
1.100686
1.325711
1.869440
1.607600
1.104174
1.805789
1.749719
1.398775
1.366796
1.394239
1.272189
1.599644
1.068235
1.901549
1.432199
1.881232
1.674850
1.460652
1.471639
1.292432
1.224415
1.246071
1.576721
1.301169
1.126080
1.749443
1.480156
1.485866
1.192486
1.858866
1.133388
1.293171
1.184577
1.002828
1.900772
1.288752
1.808617
1.650491
1.687527
1.175413
1.044729
1.959716
1.775058
1.112964
1.861265
1.207257
1.994196
1.536115
1.667908
1.465835
1.828546
1.892324
1.711906
1.405267
1.193493
1.837986
1.154711
1.673648
1.323852
1.347196
1.532514
1.457240
1.640368
1.717092
1.460067
1.541140
1.005843
1.268684
1.191630
1.693370
1.444097
1.236360
1.653087
1.219155
1.349324
1.514352
1.426412
1.343520
1.050466
1.094320
1.809355
1.879013
1.986644
1.521261
1.284280
