15.071591
-13.199355
-42.157300
-18.022378
-47.216727
5.406843
-18.256894
8.613662
-27.997826
39.590113
-36.092441
45.470396
24.256369
-7.295425
-34.813514
-30.191692
-36.928548
-47.063724
-24.836583
-23.369918
-2.098505
-19.148251
-8.373561
-14.550712
-34.333823
47.178334
-13.555915
2.085154
28.018726
-3.374669
-30.416854
-6.909683
33.425976
-22.574154
25.067939
36.209249
32.832689
-43.188956
-5.177089
-45.165138
46.401157
8.730470
-49.694742
20.657526
-48.564955
-34.508256
40.465835
-35.493503
-31.571980
-34.370748
-8.863421
16.329516
-3.519000
32.763018
-48.221196
12.147177
29.941352
-11.777110
-35.767669
7.960078
34.848221
-16.184522
-48.949605
18.274197
11.241324
26.118333
4.483445
-5.925988
32.929378
49.306356
-1.091125
29.330535
8.036826
-0.785867
-0.011939
9.471871
14.705877
-9.546104
23.978369
33.133897
6.083148
-34.885052
-0.536587
-47.435852
47.877965
1.242217
14.711325
27.819317
39.465107
28.943657
-14.220605
24.313328
-37.240866
-13.170211
-7.412476
24.000458
-37.051877
47.070969
-31.925530
45.877500
46.377326
16.983345
25.208035
4.414152
-33.802523
-24.803903
-36.113977
30.903354
15.649993
37.864392
14.037251
-28.266860
-47.020661
-36.499336
-25.702711
-49.142696
14.742881
39.008614
28.676621
4.207988
17.952271
-35.543984
-21.478684
30.711405
1.285805
21.108840
4.711863
14.233928
18.179809
22.786333
10.111428
14.557135
-10.230322
-14.680537
-31.028713
5.967155
10.515560
-17.142690
-13.129491
-23.834447
-29.278298
-49.092239
-2.101306
-26.298959
-35.591575
22.195982
-25.441655
29.151306
11.204596
-46.765033
-16.640706
-20.843133
-32.309017
11.880610
-40.131728
18.976788
-17.010550
14.580135
-16.789285
-48.830741
-12.633532
43.322144
15.726394
27.136146
-21.358393
34.697680
-16.896698
39.157167
-32.445010
19.973811
-34.677279
-11.723308
20.881572
13.221414
11.977733
35.289996
-14.582603
36.536078
14.441302
46.621993
39.771045
47.800596
-24.221140
-42.537973
9.681206
-14.352868
26.438815
42.670656
-49.772732
-40.350469
43.839915
-12.406264
-47.028326
9.566309
-35.270118
-18.386719
-5.736011
-2.166816
-29.229551
11.818979
-32.193005
-13.906831
-49.904329
38.688566
49.314584
12.073404
23.978563
-15.268020
-1.390518
-11.580135
-18.646027
-11.619473
-13.779539
7.132833
-4.157445
45.901668
42.779965
-27.718630
38.572324
43.007233
-18.069099
32.412239
-19.399031
-15.097425
-8.021453
-4.669149
16.515856
36.242536
43.164035
37.286305
-1.938484
-39.028970
-26.620525
-1.842813
49.659596
-27.305942
-39.769409
23.638159
7.426038
8.840074
-37.941976
38.780011
47.220601
-1.721514
-4.087156
-6.936845
-5.819847
-11.307191
15.344525
-17.247523
-18.299958
47.275426
-34.835284
12.301011
-17.821999
7.143263
-42.368138
48.693858
-6.614201
-49.204103
35.980163
41.447315
-38.233074
-40.640363
-10.395498
-38.573477
-17.946305
-0.164907
35.064682
39.479734
-41.324833
47.122706
28.259745
-44.104233
-4.598809
-25.827411
-1.041077
39.581345
12.865398
-35.696552
-27.666178
44.565440
-38.421125
-12.501463
6.866451
-6.243124
44.641800
14.498313
-7.549267
-11.972401
15.294209
-21.569104
-20.525086
27.061136
-12.209466
19.079416
38.487658
19.844229
-31.085491
23.552340
9.323963
-22.410324
20.675046
-12.416292
-16.514557
-33.923763
11.756297
32.444366
-44.342419
-25.378305
46.747814
-22.008597
-30.812865
-41.673311
15.489940
26.053586
2.083565
10.131740
-9.448102
44.534298
48.159340
-44.153892
-27.034805
-22.365746
32.907243
10.755728
46.713670
21.394902
-19.400042
-34.371820
-5.052759
39.923921
-6.782144
-34.377713
-22.492372
26.703299
-18.301476
39.263925
9.147665
-12.643895
-36.114380
5.895479
15.347508
-16.927245
14.222168
-19.162552
-40.873660
-33.694267
40.969188
-0.321761
-39.159969
39.128528
5.524347
-16.194775
-33.237218
-11.568410
44.560954
-36.523547
-40.173509
-24.839089
-20.895368
4.773733
-34.915168
22.322488
20.396020
-7.407540
-0.974213
-47.905456
-18.143615
-41.826548
-10.549351
-4.257995
14.068931
-45.201844
28.814759
-21.708901
-14.364395
37.941100
-5.403168
-23.395207
-12.380661
5.436863
-34.266679
43.143685
39.242088
-17.503897
-18.424725
33.803042
-4.027444
-8.598233
-41.036047
25.077189
46.175500
-25.951215
-2.600323
16.571520
16.641245
46.425464
18.666063
48.497631
-45.401085
-41.883288
-5.760365
18.667846
-37.085132
-26.945605
46.958946
-1.449527
-39.004505
-8.444222
25.155266
-1.385167
46.992640
40.888587
-8.241482
36.234729
-26.615310
23.333794
20.037771
19.357246
-35.264440
29.001724
-5.565565
-39.088940
-46.949491
41.834111
27.482579
19.691755
38.259575
-3.851358
18.189385
42.858490
4.265354
-37.570979
11.526337
17.180223
-14.516584
8.485282
-34.269305
-3.521090
-49.958940
40.885961
45.093743
47.033701
31.774548
-13.147738
33.268429
-44.840762
-39.813945
3.306200
24.516484
-25.078384
-17.692076
-31.049081
-14.167325
-14.641566
-39.214970
-36.684745
-44.949811
49.044605
9.463897
23.239574
41.903095
-36.270749
35.668595
3.429432
30.909474
-28.847989
-38.085286
46.640169
17.630921
-38.044225
37.526130
12.724665
-41.010525
19.300678
49.576926
42.257905
24.459916
-40.237018
-4.435895
-1.023600
-15.315403
27.872029
17.927319
20.517273
-36.769537
28.712349
33.832527
-31.719348
27.756953
-6.703576
41.520226
19.660048
7.025676
27.188822
-26.910520
-12.064850
48.340832
-14.995805
-15.424681
15.971754
-3.040031
-27.898551
-21.303582
5.949445
41.402128
-21.726656
-1.792651
15.862044
-11.963674
43.771454
-35.161556
22.720923
21.643483
32.765763
-6.761804
34.873947
11.478111
-22.929277
-46.845401
-10.764936
20.367147
44.674825
-41.104887
-22.607177
21.863646
-18.015407
15.327972
20.204479
16.988788
49.903291
-13.823768
-36.051242
-27.995259
14.872650
19.898202
-36.593131
43.145995
-31.894448
29.268912
-18.817679
-38.122994
44.107356
-46.096756
33.520489
26.873119
-2.858560
18.394436
-11.648770
24.212163
21.549034
27.586294
-5.420690
16.223859
36.481407
21.972133
-11.912495
-31.534000
-12.699894
-41.708016
35.454788
-12.796603
-5.531784
49.403545
9.208138
-40.659133
19.301748
22.615006
-47.513138
37.407299
1.883919
-16.330817
49.284305
-4.008725
-12.427573
32.804794
-27.135606
34.713867
1.199230
11.215624
8.926030
-27.251736
-11.198082
-46.494659
38.972124
-24.716675
25.477474
-22.940371
-6.250676
-37.222421
-14.648387
-20.795888
-0.019024
29.819830
-21.392342
-40.810886
39.160697
47.909406
31.804121
41.647558
35.316705
-16.311960
-24.683259
34.601010
29.679315
12.889168
17.405804
-47.456291
-2.396965
-31.394965
13.759332
-43.470934
-8.646701
-47.438750
-39.965594
-19.674577
-22.155425
35.511880
7.385052
21.593899
48.289460
42.736665
-49.201989
-1.729564
22.556495
-20.594331
7.459550
11.717192
-22.684925
-10.736329
3.364750
-37.368220
22.951711
28.681491
47.232790
2.631026
-8.429341
14.638594
5.174734
39.173695
33.243629
-31.065933
45.702760
-25.403072
-28.504683
-44.262833
4.922351
-0.660109
41.249047
-37.692598
-29.066209
39.538507
-44.955932
-28.268198
-12.191057
27.600562
1.137471
45.268493
-10.682246
28.452546
-15.467835
42.682504
41.084326
-42.516124
21.363995
38.317116
10.114901
-37.065346
2.955710
-34.710364
-47.891651
-13.800661
-15.776297
47.811110
10.796267
5.719019
-46.451724
-34.281383
-44.941089
44.797324
-21.973980
-24.007299
34.335830
-16.929913
-2.275496
-27.855227
-39.329350
48.861975
-32.586733
-0.011596
27.314521
1.945431
-7.329092
18.398847
9.429307
-35.965097
6.715963
-30.455792
-23.030443
-40.328327
-15.166156
-20.922094
-4.128988
19.057546
-23.110984
-43.332721
-25.223434
-19.562708
-27.614104
-20.164523
-24.765384
0.411916
5.828178
-40.429554
33.482004
-46.447318
-18.284781
44.152654
-47.585344
-0.871514
-5.858942
29.729178
-48.926083
36.811965
-1.871975
10.503224
-49.153132
-45.156012
30.047432
-22.183575
-35.484338
-35.118724
6.894332
10.386674
33.938822
33.783347
17.053953
-41.284612
-35.779361
39.439849
-11.449135
-10.544745
-10.148234
44.379043
-0.974299
-26.666231
47.931724
30.740920
-32.513577
-49.653619
-20.130594
11.627481
30.075558
-19.056677
-1.560554
-21.796416
41.446547
-0.713685
-16.952428
21.493978
27.102740
-2.436767
36.375254
-16.002928
-42.050093
20.314077
-32.219581
25.003860
29.029465
-17.998942
14.443709
-32.419671
21.456314
-45.704525
-38.040628
-29.517985
-22.370756
-40.108904
-48.777065
-4.884332
-39.762523
-18.907659
-43.256852
40.313035
12.035664
5.182595
-31.483381
3.482211
-45.531091
1.564191
-25.023811
31.571650
49.127424
-38.648557
-34.431279
-42.922668
31.665520
-16.650860
32.081192
10.694984
15.350199
-3.475099
28.275314
-13.193488
0.820376
40.234686
7.288527
28.449620
-49.874218
8.511462
-26.434712
-39.636741
39.603803
-19.691564
-49.323705
1.639467
35.491031
-30.807086
-44.878322
39.959941
20.757104
-19.902133
21.531590
19.884529
-8.550690
37.100312
26.961860
-26.885170
-29.550548
9.043052
33.809814
35.799650
-44.432047
12.085128
-27.393837
6.388329
2.319814
29.894690
-15.162051
2.445596
-11.593848
8.403237
12.808855
-21.990045
38.711674
13.485150
29.649422
24.202705
32.678063
34.771100
14.162646
3.435168
-35.131033
-14.305764
-26.680304
6.318277
-27.205452
-49.718443
29.433107
-6.756001
9.324608
13.242921
-20.956350
14.892561
-24.671951
1.649812
-28.719110
27.647863
-18.455498
6.118840
-19.906541
19.950654
-35.477923
42.902313
47.960609
-46.766249
6.387463
27.610031
27.436456
-10.934474
12.381131
-8.400898
42.500694
27.250098
27.293338
-34.179610
-16.431626
-49.912114
-33.898054
-36.998519
-6.668115
25.426555
26.244402
22.375535
-9.680884
-48.427549
-25.974653
11.600006
29.220314
5.569849
-32.281154
-40.686228
-24.479497
-17.759077
-47.783914
-26.518888
-14.525327
8.603549
-48.908858
-37.088871
47.669075
13.472273
4.510231
40.169769
-9.277629
-18.196431
-44.009841
24.290745
-18.108546
-27.907895
37.292226
25.223340
47.518660
13.536628
-2.401126
-12.162224
15.109079
21.624222
49.437782
-5.670607
-22.805929
-32.843372
3.643165
2.714574
-0.602449
5.859251
26.195686
34.872224
-35.537201
27.286828
47.783354
-37.868126
-9.240899
2.293585
-47.698357
31.481472
34.097153
-41.708199
5.772217
-34.011392
-19.616094
-6.935557
41.211948
-22.097434
-43.398929
-11.189178
15.740342
21.710151
-39.564956
15.178125
-33.960456
-12.370885
32.334753
19.682709
40.343689
-18.267696
-24.458041
16.539374
-33.395472
-9.995241
-6.173798
-35.612118
2.136633
34.585304
16.681467
4.438276
16.066775
0.778620
12.730078
-28.161008
16.767228
43.113984
14.903436
7.979176
-28.983450
21.504507
46.789998
36.756893
-6.785342
-42.774959
1.935018
9.254201
-5.145844
-15.730229
-21.063090
-14.802155
16.002074
4.478869
-48.262780
32.606603
44.483628
-4.436578
46.994485
-3.379738
-19.851274
13.675951
-48.941462
46.215501
-35.545429
13.788615
-31.945507
31.221800
6.902599
32.957929
-10.799025
27.919150
4.462436
-14.009027
14.676043
47.677094
-6.783986
-33.388940
6.931295
