38.070171
0.880831
35.868205
-26.731984
-33.117095
-9.652925
-24.994764
49.489508
-15.169297
20.568658
46.483993
31.450965
-49.282617
10.159944
32.509502
46.932884
24.614516
-3.701882
-35.012622
5.836315
-46.799283
47.945307
45.037291
31.119867
2.407743
-18.971736
-4.204090
0.084837
24.244278
12.406970
-42.983868
12.314449
-36.712199
42.884337
35.582465
-19.829294
-16.768588
-39.412300
-20.339786
18.062115
31.156358
-23.855793
-0.486920
31.873741
36.304151
-17.977418
28.806626
10.918667
28.320700
43.794003
-33.245017
31.521417
41.739310
-38.207727
12.641284
-5.852947
-7.179463
-41.562807
44.231889
-32.935185
20.844163
-48.751979
29.379263
34.131964
44.132359
14.961728
-35.697330
-22.636229
25.549428
-6.037116
45.425886
6.705786
20.107091
-5.061035
-11.420473
6.411242
26.961547
-32.613847
-32.670090
5.282246
-38.819844
-15.915108
-13.196337
-47.080534
-4.122834
49.444947
-2.933481
38.697702
-42.117860
-8.701592
-44.237483
28.726303
-7.453570
35.141780
12.858267
-13.321212
0.103508
27.160937
14.042559
-24.347064
-28.876179
9.468445
32.358722
41.230912
-45.592590
-29.061751
-2.357845
31.368957
-11.675598
14.972064
-13.348797
-0.495442
49.056956
23.454866
2.424025
-5.065878
22.899813
49.490543
-16.368176
30.781953
-9.211048
-10.605659
9.508256
33.335382
-25.463878
-27.633477
-29.985830
24.639630
49.527460
34.056729
-49.707434
-29.348719
-6.474826
32.651289
-38.117806
-2.067417
-46.410462
9.524348
-20.698460
-8.086060
-25.503588
15.952743
41.418499
-26.446631
-10.592391
-6.157477
18.487491
-37.692578
-6.666933
-47.880685
43.089374
34.122019
-8.486344
2.597631
17.457400
16.049778
24.964154
37.471570
-9.310592
24.491614
21.528299
-9.018026
45.142895
-34.946527
-26.366737
-42.974911
12.986056
-22.777199
16.549437
42.287596
19.136742
41.045850
8.240339
10.555241
-35.400782
47.647947
-45.602236
33.086709
-40.044631
-2.269169
35.206024
-46.955256
-18.147150
-23.280320
5.642374
49.310250
42.769458
-19.393472
36.781820
-16.541134
-44.901858
8.310119
24.440840
-49.758963
23.363592
48.074104
-42.733873
-13.650352
-24.703095
23.815564
-21.362756
44.433647
14.861413
36.877582
4.988887
29.460632
34.525530
9.386651
12.547340
44.480899
-42.882518
-2.246636
47.525643
-11.029668
24.473044
3.168017
-11.719418
17.242502
33.774545
-24.937598
-49.298632
38.872687
33.372521
25.142209
39.113724
6.736113
23.216312
46.379850
43.085762
48.513217
20.195414
-28.276994
42.946864
-14.943172
-41.399412
-2.064249
-35.482541
43.126118
-42.677597
27.064800
37.607017
-35.560115
-25.181836
35.132660
3.410217
49.291208
-11.699324
41.690798
16.533710
-27.924779
-33.246800
17.235079
-39.052093
-49.874279
-7.622712
-49.938369
6.861835
-34.406400
46.441482
-0.052403
-35.893182
16.636896
21.670602
-42.946318
-48.306276
30.271190
4.989433
-33.788817
23.397308
12.311835
43.275982
11.004325
26.751720
-31.905854
-3.863015
-19.838063
-32.614646
34.437661
-28.147265
33.919065
-43.487118
-11.394065
1.154144
-32.539210
-11.268343
43.531432
-32.477579
45.593492
-40.874968
-36.036097
-4.458912
-26.768150
30.600799
-32.788310
-19.714468
32.294523
47.482881
35.274964
48.505706
20.880189
-2.413200
41.781688
-18.115486
-25.661480
-40.124166
28.021499
4.500457
-22.738811
12.459161
26.353192
-38.819747
18.972043
-35.040872
12.334397
36.432832
3.690785
5.865829
-46.044747
-0.715724
14.990861
-32.080844
44.825364
38.222711
48.519955
-37.962945
-31.491758
30.814478
-40.480064
-46.216793
29.320184
30.400125
1.370007
21.101872
-37.715361
25.708527
30.977706
40.306138
-19.791016
-41.761106
2.765299
-43.437824
-30.580852
-28.262658
-28.478696
31.753545
-41.829826
25.212089
-12.380626
-37.874573
-25.503635
-47.389765
-19.955417
-30.678270
40.832946
-21.435462
-18.641216
-40.658812
-40.620984
-9.121280
-36.875605
38.699200
-28.721155
14.494402
9.801072
-16.436516
-9.797071
-9.221222
-26.130378
20.411913
-0.982328
26.634921
26.974089
18.436820
48.372263
48.495393
0.190365
-43.457563
23.707482
37.809739
-31.332136
48.203847
40.419973
-1.287553
-32.474423
31.252919
27.276986
-1.115639
40.594107
36.656002
39.763081
-46.281498
25.355202
-38.958074
18.212904
-14.843726
-5.394590
-41.584167
25.935051
18.475032
28.827746
-25.047276
-4.890047
5.801835
43.389543
-6.517784
4.297228
-6.420092
0.024653
-21.995289
-18.610353
18.692517
-23.791442
-28.190380
-32.595036
-6.265865
-46.937461
44.681950
42.618496
43.656646
31.337952
32.381578
47.375148
6.693154
43.423504
15.588052
41.849428
-11.971086
24.003885
17.784479
-43.496054
2.831631
42.737203
1.613899
-41.366534
36.126746
45.096115
12.930694
-20.293345
-4.879231
40.935404
11.096301
-36.186714
-32.856038
32.905921
-18.781750
10.878097
35.968460
-24.099800
3.496593
29.625106
-42.761847
-14.121829
27.000254
13.931307
-20.698325
-7.411694
5.780735
17.330588
-33.407809
-26.434785
23.834534
19.423822
-33.697582
-24.551567
28.057287
-47.570836
-29.455451
-9.012019
-17.864181
15.665317
-18.076614
43.232120
29.478603
-0.932652
26.138041
-39.303147
-40.054555
12.106502
-13.402946
13.442038
-8.268392
-6.164794
49.320209
-31.268138
-42.233487
-21.378116
11.320168
13.547248
45.952472
27.912360
37.112463
19.787006
-2.663819
-46.585120
45.235439
-24.606531
-44.155956
-34.220012
16.381450
-12.020137
31.445305
48.304835
-18.788017
10.923908
-2.627817
-42.649976
21.620761
7.317628
19.456526
-41.782185
-29.240334
-38.811867
2.053021
-29.920125
-20.080005
9.819534
-1.298241
41.240164
-26.633218
-5.345769
19.152523
-39.520755
-35.558763
-33.511295
-36.105875
-40.323324
-8.117827
-30.261830
-24.543336
-41.736377
7.718032
-43.098031
-43.431542
38.930015
17.825877
3.940641
46.280039
-10.553362
-38.741731
15.736565
-2.335548
-17.982065
26.924698
49.717473
2.097810
-43.155307
9.537007
-49.200431
48.084857
32.903789
-4.546200
17.237380
43.383034
9.895037
33.726085
-42.722840
19.571713
-24.391742
-22.984671
45.028377
-16.128119
34.733362
-48.069654
-9.559661
23.663377
19.756223
44.380980
19.943416
-40.797140
-44.360751
-14.320020
6.867313
-12.342816
-37.395322
6.584786
39.754994
-30.550629
-33.878207
40.554563
-32.465772
49.025582
-13.991637
34.771609
42.408616
45.903401
18.497693
49.685776
15.475114
44.105951
-23.298895
10.503491
-22.022168
-38.565533
12.433837
18.418170
35.097843
-17.809940
12.799150
5.041259
-8.607080
18.438399
40.721239
48.260233
-43.904418
-46.674082
4.845019
45.850576
-27.224711
20.966812
36.405140
-9.690483
19.992394
-27.586497
-24.918874
12.401011
-31.683096
43.578819
12.086787
33.792018
37.684771
38.787892
-5.704491
-34.337398
-49.777641
-43.270654
34.080773
35.320202
-11.080594
-3.120077
-9.638539
30.312327
-34.681679
-18.917300
28.572560
-28.586096
-15.591382
-16.582421
-32.735520
7.183907
-45.615609
-46.330381
47.493425
24.376785
-23.916877
-27.425449
-13.222205
-5.599974
-33.846630
48.864582
-21.807956
-46.161859
37.652474
22.487553
-30.499257
37.874832
29.216899
-46.418484
23.195034
-31.863695
0.461439
-36.443505
48.448632
15.779760
-5.360804
27.021192
37.193664
29.047814
-39.561229
-45.541856
-13.768279
-35.176839
-41.872236
-16.274854
39.199946
-15.789114
6.299696
-24.022259
28.610912
22.453067
-25.157677
-43.197044
26.291207
-37.505203
29.290509
45.791950
-49.630371
8.507409
49.373466
23.564664
26.643714
-0.165095
37.121159
25.092346
-34.385334
-18.239645
2.113538
-47.191670
-39.191831
12.552309
-42.733526
-2.960110
27.375470
-34.605762
30.765035
16.575416
-0.394876
-12.935268
42.553158
-21.783964
-40.482201
-32.604519
-14.981007
35.809006
-20.109722
-35.690498
31.600957
-19.740092
22.816910
30.974423
-46.175429
-0.539376
-19.190672
40.945730
-25.447029
-3.576006
-27.293915
26.666509
-0.767676
-16.485746
-10.781183
6.498798
30.554143
-33.405713
21.893036
11.319179
33.169703
-28.501840
48.383911
25.722861
-0.285804
-42.098291
43.118342
34.733188
43.710716
-26.991380
49.042690
25.311672
3.268527
21.859601
6.286095
7.093099
-28.679775
37.095424
-1.961171
-4.126804
-16.480582
20.744914
-27.460296
32.751742
-45.740832
11.758521
-10.749460
34.813311
28.352808
-38.856424
-3.867510
11.522512
-17.358265
-5.483599
-12.754628
32.355931
2.418110
-19.636286
17.089119
-3.871174
3.372334
16.131809
-28.559502
-43.359139
-12.008590
27.726593
13.733960
9.311635
14.822017
-38.227211
-44.815169
48.341434
32.517703
-22.275465
31.093176
36.776871
39.483056
-29.656284
21.590182
17.835865
-18.512708
-32.277328
-20.641624
14.129027
12.239073
16.603748
-3.515042
-35.342816
46.967462
-36.425923
10.786010
0.339796
29.705887
32.226508
6.980658
-32.302703
9.953101
-29.285383
27.008932
-25.224882
-17.512594
32.193762
-26.883448
-34.994890
-40.081703
-45.790272
-48.218020
49.401353
-25.446555
23.372162
17.237218
6.040737
41.094835
46.595594
-29.830236
3.333908
13.199342
16.654722
17.991091
10.166805
30.228800
-21.222899
-39.493399
9.934686
-38.996392
17.487259
27.631983
20.956709
38.201876
4.640914
45.731827
-29.310717
-13.165324
-31.151621
-14.305608
-3.247027
-26.941893
-12.523628
-3.845673
-2.388448
-39.151465
-36.608456
-46.347711
-48.056630
-40.012862
-26.177948
5.277277
23.186480
40.476775
-26.731631
-16.646715
20.705574
2.045469
-6.140114
-19.359739
13.049078
-38.652855
-41.727757
-15.994213
49.549021
12.913158
-20.262386
-29.761697
49.747834
-1.414008
5.932695
-3.499192
21.644100
43.409068
42.655134
-30.744349
-45.742397
-43.953322
-27.092060
-43.799027
-33.966184
-3.270008
11.478250
39.220296
-12.793233
34.746618
-27.426419
-42.087658
-13.207912
16.433467
-11.447398
49.841165
27.780612
-3.175155
-16.153048
27.329633
-40.261997
13.584566
47.567936
-40.514163
-37.829441
3.500631
5.986645
33.814658
-3.090301
-1.358221
-46.929690
1.167302
4.688457
-24.021751
7.368275
20.722273
22.708242
-31.153475
9.942570
-40.084991
-46.406857
32.516151
-32.172649
-9.614769
-1.050382
6.379953
-9.773604
-23.269770
-46.795202
24.073349
-45.940137
-37.057199
-12.342085
-48.372201
-27.571362
-0.171527
5.128430
28.415283
-16.356868
-47.961870
-22.942938
-13.286559
3.205432
31.745519
12.691691
-39.426293
2.467792
-14.600067
-20.579768
-37.589638
-4.685058
-16.986625
44.926513
13.142293
23.398606
-6.123869
-30.477755
-36.374998
20.606361
-27.272956
37.698351
24.666224
-14.330155
-24.643734
26.294022
8.098483
25.184740
-18.577547
-13.486234
-41.172129
-16.539417
13.570828
-4.458688
36.666015
-4.683653
-41.766997
47.239722
47.784139
-6.367064
-23.340046
-39.805499
38.947878
9.673329
-44.878987
2.090171
-16.928065
-1.002856
21.612416
-3.303063
-30.396495
44.339459
-15.604712
44.269729
-19.990696
9.751554
20.563751
38.107787
-15.063706
-48.013796
-25.378447
-6.235835
-14.553213
38.192381
39.305478
-27.887199
-16.491272
47.538481
-30.647477
-18.707133
-8.828583
-3.987523
-8.512632
-19.880705
-44.314194
-3.391619
32.209465
-11.242259
45.605526
