-31.986366
-14.075332
-6.100956
35.378450
18.309833
28.618674
-11.370135
-35.966201
-7.344548
-39.660977
10.040544
46.769411
-39.076658
36.908967
-34.067558
30.260371
-18.681300
-10.431580
-4.430961
3.234189
24.500827
47.004209
45.875345
-41.147170
-47.949165
-44.692667
39.788311
39.952094
-46.028299
-8.085610
-31.619913
-28.014664
27.839058
12.279131
-42.636214
-3.851110
-9.102195
-4.006349
10.182689
33.553257
6.332674
-29.776766
30.322668
17.256016
-42.867799
46.255111
-2.483613
-11.549099
-14.176469
43.085427
41.685090
-39.675643
40.089635
37.560436
-30.822812
42.140470
42.867769
-41.034501
32.092564
46.839470
0.879889
-49.527349
-31.175194
-21.281054
12.751782
-23.811408
24.867837
-46.350412
22.182244
-14.949474
37.202845
-21.485082
5.273760
17.525513
45.770934
12.405960
13.780624
-6.712678
-49.143139
49.604155
-13.627252
42.541952
-40.071488
-23.537617
30.102388
-20.894300
-31.397146
22.970157
-11.928802
-49.304582
19.809627
38.951087
-48.831931
38.634433
-32.329967
13.919852
-35.176975
42.537870
17.569439
37.005269
-22.411604
4.772284
-34.479813
32.862155
-27.702203
-38.708879
-4.731884
36.078421
4.578443
-3.875023
35.682576
40.951191
-11.333071
45.611088
-32.586425
-31.230683
-25.283213
-13.983572
41.739473
12.787986
-13.288153
11.549100
1.739073
-12.120084
0.183533
19.409106
-48.200232
15.006559
11.946976
19.369207
2.011827
39.535372
-25.858509
17.532014
22.397527
-3.560712
28.823135
-32.334357
-17.482290
-16.598422
13.790620
-31.799715
-25.647231
-47.542450
-36.188627
-8.233657
-28.773134
-11.471839
27.782772
-37.033660
-48.683854
-35.505382
24.515440
3.055219
2.374534
-25.301026
-27.535674
4.174302
39.705532
34.411302
-26.456491
-8.282640
23.946674
-2.315000
-40.750626
-3.655799
44.124289
38.072509
14.009844
-23.358002
-28.525914
-22.199535
-5.157716
-4.173145
-19.741986
8.653657
37.593198
1.484881
47.181817
15.375970
14.451220
48.497964
29.870589
-11.033339
1.553183
-17.754877
13.665635
24.017509
36.419425
3.371167
8.428811
-40.037066
45.088527
-17.624516
7.647935
-45.662099
28.719685
1.772223
42.410409
-7.270470
28.414222
-36.115504
20.529994
-26.743495
9.711351
-49.211992
31.910162
-2.695451
2.272889
29.091980
-37.319480
-33.275891
27.589943
42.551108
5.690770
-20.856873
-25.203769
-30.643595
-46.839364
-38.784344
22.727572
11.589446
-28.821409
17.816099
43.964931
28.826525
22.154000
22.684616
-19.401251
14.564410
-34.585854
-40.987030
28.448906
35.944140
-17.730524
-11.839743
36.732148
-35.820362
35.464806
-10.994963
43.271617
48.145326
5.729147
20.861561
40.696434
-38.580083
-49.995312
-34.507335
-19.223678
-46.834677
-23.291678
-46.496105
14.754770
-2.113088
21.319994
8.719700
-23.286562
-6.526006
-18.595684
7.312186
-41.961596
-3.181538
16.325157
36.487309
-17.237398
48.594632
-25.352434
-30.505250
-37.225730
-39.887628
8.499788
-43.954112
-41.742303
-35.771065
26.907449
48.954131
-24.351148
26.912136
-35.553204
6.425174
30.077460
-8.844882
9.929069
-5.167771
39.042030
-18.750938
-46.448070
-34.244532
24.723056
-15.043754
23.067654
32.761460
31.774708
-10.607189
19.248769
-35.462690
-12.012557
43.896335
-15.967940
0.761713
-45.991293
42.531848
6.807600
-37.733596
-43.239217
-16.284951
-38.779465
-17.590365
-39.372815
-24.332669
38.834809
40.704645
16.822449
-1.236123
-14.463125
5.864479
30.012940
-10.911196
21.619947
4.735996
24.045050
-5.312399
-12.502544
5.819758
34.080412
-43.253775
20.357068
-27.932146
-49.357440
-45.610872
22.829567
-45.348733
46.920977
-20.362832
-33.082329
-46.318240
13.352217
-21.861794
-13.908606
23.979402
3.805537
-25.073797
14.684047
-29.372013
23.690081
-49.779078
26.492466
3.703021
-10.690274
-1.887587
-41.560983
-36.645224
42.800014
-4.063526
19.174534
26.880426
2.682699
-10.468398
48.948280
3.325259
-6.079270
21.777848
7.976526
-9.158293
-48.584985
24.894197
-5.476534
14.767232
-46.967597
30.614861
-11.253365
6.837940
-44.458936
-46.569318
27.465927
29.231145
-46.348396
3.958393
-17.065834
-7.038670
-47.929194
-8.626817
6.316106
44.870820
37.309656
-24.509360
21.751246
-10.007645
15.022242
20.699526
43.317615
-41.057028
-7.522627
1.294141
-0.215321
-6.107611
-23.811662
44.308145
-41.340379
-20.779259
24.923006
-2.593744
36.058681
30.464070
0.836938
13.524608
9.695215
4.488542
-32.516999
42.629381
47.449873
-30.446193
-15.997436
3.765979
-35.575373
-28.687780
29.256619
36.175872
11.304576
-5.721139
6.875398
4.622190
3.221833
49.352772
-44.083669
-46.993488
-6.754839
-17.895330
47.314657
1.904782
11.325411
22.237662
49.311038
-2.615908
2.701732
0.147976
-39.091300
-37.603053
-45.363481
-21.608299
-44.973673
-47.913608
-2.054493
-10.971109
5.852371
12.370134
10.341111
-14.891010
-1.453994
-28.354313
29.387851
-44.578596
26.267877
-17.390316
-45.225824
32.184208
-14.383804
-1.980664
-35.711122
-17.069147
49.924118
25.614289
-44.831485
49.235156
-27.001619
7.870247
-0.616868
-16.092919
20.267194
4.019651
12.298781
25.293522
6.106043
-39.755711
-35.677587
-38.041586
22.614423
24.663524
-2.932596
-28.839571
46.309210
-23.544745
-23.418167
22.577087
9.064939
-18.643991
4.761296
44.681135
29.375345
19.050174
-22.388012
29.299463
-5.335537
-17.219497
28.534619
17.662843
40.650751
-22.082248
-48.430076
10.917945
31.937403
13.868705
-13.788533
-11.956554
24.112994
0.533879
0.001860
-3.272583
-24.802597
47.069263
17.887845
-28.493386
-26.475482
44.469678
44.083701
32.589458
-24.174313
-1.155003
27.270593
-44.798968
-32.104829
-45.117419
34.500495
12.559634
-12.336915
13.035114
-19.777522
-21.686165
40.952866
-18.207598
39.231780
22.890269
45.661107
-24.556753
-39.066285
19.774101
25.977126
10.935575
-33.498482
-48.825470
8.004839
34.389363
-27.318857
31.529357
28.859042
-33.235155
14.118815
-45.315271
15.609842
-8.610592
-40.114239
33.505013
-3.728011
44.386256
-3.935352
33.935074
7.421371
26.287125
-37.751091
-1.625763
-41.920473
-48.519310
-28.735494
-46.259366
-23.076063
-17.801778
23.514735
-47.098937
43.133797
40.016253
-45.924407
1.138636
24.405616
-23.243264
-17.332007
3.264658
-6.478419
46.786808
7.949386
-40.868577
-11.823785
17.835147
42.636436
34.448204
12.221403
-11.298916
18.383278
-30.357226
-35.011791
30.632187
18.017011
-26.932264
32.112877
39.281517
-23.191630
-40.963187
-28.520261
-49.676895
-38.062124
-35.386464
40.339357
-33.986531
15.752172
14.744973
-7.229795
48.420165
-31.990370
36.291786
45.206972
25.959017
45.423209
-16.616812
-6.205836
38.059645
-32.168608
-43.984432
-23.239271
36.214670
-24.341658
-8.251061
16.846858
43.675353
14.816675
-1.040265
32.956870
41.625045
7.996548
-45.563391
41.948149
19.934424
-30.949856
32.287507
35.947893
34.802316
-2.967520
-21.281902
33.222481
15.042110
-34.990116
28.429453
-8.998873
-39.566906
-38.187359
34.795291
48.492739
-20.355967
40.810859
-24.746531
-34.141296
-33.530799
17.002407
32.705562
-39.855447
-18.180918
-18.334704
43.101423
-26.555873
39.661844
47.538032
-34.607724
9.596268
-33.411824
47.679783
-4.455839
-48.609508
-5.287737
24.262260
34.612973
-40.245627
39.272144
13.042426
0.755500
49.705238
24.855068
-14.449209
48.197977
-45.500899
-23.638350
-26.548555
-29.642195
-7.169149
40.453852
-46.936634
2.975404
-27.727065
-15.271337
-3.923173
-4.282938
-25.609493
-6.385141
11.109338
33.986775
10.203035
8.789121
-20.469064
11.593528
-46.498616
-46.206804
-3.793499
-36.744243
43.065340
-40.751073
14.011257
42.770578
34.103995
49.562049
40.968554
38.603096
-24.076301
-35.580001
-41.039099
18.754550
-45.126148
-37.975733
-28.270045
-22.853214
-3.247070
17.806782
22.863848
21.143436
-38.578359
-16.026814
5.130211
21.624677
42.762307
34.661147
-16.781795
46.263692
38.454343
29.424705
-40.480551
31.519683
38.673633
23.530706
24.290261
22.777628
23.092755
15.258815
11.380724
49.016455
29.678814
20.341625
17.771005
34.552666
32.365892
39.500960
-38.300548
-20.881179
7.307742
34.563300
-49.737742
18.729384
-31.463514
5.392469
-9.645939
-38.701206
-9.946384
23.572265
-42.437515
-21.492041
2.996971
-32.918066
-39.972358
-8.329396
40.612641
34.317903
-35.551768
13.705396
-0.423283
25.828956
12.721851
-20.744469
-3.829420
-19.507144
-36.191803
-21.463528
-30.006184
-24.492350
7.655293
27.301558
-39.929050
7.917551
-3.969058
-21.392564
-36.689980
36.385003
-10.093770
3.363636
9.957268
-2.531285
31.871595
-37.045761
14.550649
41.899237
4.624842
5.163290
26.217140
19.073074
-31.131314
-24.206143
-5.097970
31.590536
5.049389
41.072610
-37.916608
18.857586
-30.390918
-17.922792
44.365236
27.264376
-40.621234
-45.563815
-14.818073
5.409708
-16.956379
-1.508053
-8.205290
22.949851
-48.144417
-48.248022
-29.581434
33.727178
-35.293783
34.969216
25.626415
19.331059
-9.867495
1.843555
-11.595866
9.001191
27.637412
33.306163
-9.408273
-17.313199
24.378774
2.675119
-48.455613
43.987856
34.752326
45.909623
21.252231
44.131092
-49.654192
-43.565842
-0.459200
-16.610571
4.926105
41.335510
-43.660719
6.781688
43.087488
-23.242153
-9.491134
-42.206295
-38.272937
-33.864718
27.124765
1.859568
17.978837
-34.471102
-39.139241
-4.383751
48.835062
1.452486
28.303050
23.213835
-45.872395
29.847437
17.201691
38.879931
25.757059
-11.546078
33.011023
26.102867
-5.111919
-17.448178
-40.507703
49.814186
-26.112668
-34.168423
6.595874
-33.025180
-7.410575
47.104740
-25.231475
4.316487
-36.759978
-48.106710
-43.823945
31.218859
-32.577812
-32.963186
-23.164893
-33.742750
18.489300
-44.861843
39.471085
22.616905
34.985594
6.672776
11.496836
10.742653
45.126699
-5.492141
-13.154479
-9.985221
27.059681
-3.662183
-10.171035
-49.052987
12.169395
46.424839
-32.078166
-45.241180
43.529580
-7.309641
9.075307
-43.230398
-5.416351
15.251362
37.988460
12.005837
32.288177
-35.176432
28.263087
0.777477
-30.038275
17.734173
-26.605618
-45.052681
-25.593051
34.891218
15.689972
-30.466353
-20.600924
-47.464507
9.548427
-43.541243
-1.126690
49.377392
-42.594230
-38.957295
45.802231
-24.672396
-34.198475
39.331811
18.017963
24.876832
46.101412
-37.398387
-9.871806
34.089872
24.607450
-27.583629
48.913440
2.870537
23.193848
-31.124835
-29.395290
46.588230
-26.177516
-4.988341
31.479447
39.512457
14.545306
-39.121477
42.047950
-25.906267
-32.662719
-9.078740
-26.528875
-25.256949
1.963966
-30.726644
0.070655
17.765491
-41.394834
-31.911381
-7.357677
-45.293422
-19.309769
32.770517
38.796451
-44.702319
-44.813112
37.709891
8.168219
28.380736
-43.414944
28.772929
24.968966
-19.592459
-26.215412
6.448413
-30.080002
38.329894
17.326936
-38.032052
-37.576373
34.664217
2.889208
-14.105248
-40.592732
-45.146826
5.168108
9.477923
22.618665
13.773274
27.566542
-34.739013
18.479852
-41.743227
48.031504
7.276303
-36.445546
-46.781608
-5.013806
21.722673
31.599128
1.571250
0.495602
6.568094
31.978791
24.280190
