-36.983493
-48.101211
12.610084
30.343443
-36.133263
25.033712
15.007660
16.755945
-39.071536
24.414928
21.609119
16.096572
-16.107149
-5.772217
-20.130154
-38.540607
9.488771
48.349698
-30.283834
7.520275
5.626001
-16.729380
10.738667
-49.387805
-45.006707
-7.662205
2.183446
5.488895
48.905889
-15.837763
-20.230915
-38.077604
-13.938974
42.379169
42.265839
-0.072238
17.412881
7.273498
-33.316293
28.341345
-18.311574
38.292826
-5.562084
15.581277
-17.479391
24.307762
27.040669
42.009380
22.657460
46.756835
-0.470345
-21.716539
-19.972545
-39.731678
-21.104344
-14.979252
2.606118
31.079102
40.509643
1.512007
-34.758662
-29.721272
13.434403
1.302364
-37.342103
5.700242
-48.769874
30.070777
-37.026260
-32.086167
8.412122
-5.337834
-43.793341
-47.149962
-39.756557
-11.272733
27.157800
37.284112
-19.263353
-0.184740
34.040947
30.266302
28.098721
-35.931598
40.534624
-43.005623
-0.910850
-6.859258
38.073479
-10.401207
44.652749
-46.685183
9.877521
8.087152
4.617181
22.535417
-36.212607
5.847307
2.606195
-23.238867
23.761140
-38.981683
21.423299
29.967799
-36.131645
31.666742
-31.304934
41.026155
18.950854
-0.568286
-9.158585
2.991801
-20.301984
-31.059863
17.060203
-29.767360
-24.065486
-33.850647
13.373382
-35.992007
5.748146
8.026130
-32.677190
-34.374334
-33.886718
21.939991
38.161084
-20.099325
-22.212701
-9.232721
6.661808
-48.451561
1.785595
-21.914893
31.516238
15.653951
-40.248151
-49.788695
6.680106
28.702703
-0.356982
47.521521
-18.305496
29.341034
-33.538342
48.754707
49.573674
-7.603828
-35.095940
12.947056
6.404165
20.652206
-29.026814
23.726975
36.277872
-12.913532
-4.333034
24.438956
16.987143
23.454265
-34.793766
-26.351049
25.002704
16.991830
1.734059
6.518942
-17.354220
11.485908
6.730247
39.325886
-9.811389
-43.626734
36.847408
21.883116
35.714300
-46.690934
20.637823
35.287974
-4.294762
35.541883
-1.764971
-47.890598
6.194089
19.208215
25.836377
-7.528039
-43.705317
-28.496657
-33.089084
23.281826
44.957607
-17.882850
46.930778
19.960312
49.108980
-1.335163
-23.520746
-18.245239
-39.849255
33.209501
-28.919353
0.339356
39.582767
-42.071945
-27.777528
25.297067
-38.762879
42.860295
10.585041
6.942358
28.402178
-41.179930
9.051761
-15.403734
28.028285
-15.111863
27.068227
34.322968
6.391480
43.979143
7.604794
1.349087
-23.903706
4.535572
-28.690601
-24.794726
-46.799591
-2.211347
6.960035
-36.648846
-19.001846
28.040682
13.690510
-29.419078
35.968736
35.912982
45.877988
47.205857
28.773277
6.463029
4.148215
7.175455
15.283099
-36.800024
41.771722
-6.688616
-1.911887
18.839949
-22.365647
-45.520407
12.819092
35.239147
5.828681
38.915386
-10.225281
27.138080
-35.879340
-7.024872
-25.073267
21.080694
6.326282
5.924887
-0.878624
-29.983208
26.505809
-14.909888
-44.070225
22.383797
-17.704031
34.703052
-21.153174
36.444185
-8.121492
44.129926
49.644161
-16.349770
-12.558690
-2.267726
-47.509822
15.075662
2.211867
15.309270
0.314810
-41.959453
4.224656
40.089529
35.178627
18.345316
-16.935343
-39.894640
-10.573990
39.390939
16.030247
38.547386
-40.592268
-7.463945
-26.362502
-34.662493
-35.080148
5.933468
-49.959441
-6.233321
-7.622348
-8.080933
-12.103396
-7.978187
25.569297
25.337914
39.754086
28.059475
-9.586423
-8.034047
-6.631254
40.728386
0.006501
47.593402
30.817915
-14.814872
15.938718
-36.117428
-4.709513
-44.635272
-46.726488
-38.679266
43.912114
-37.318757
3.856789
-32.450388
-21.981250
18.776642
23.483080
-21.940691
-37.456679
-34.139268
19.978376
0.439925
7.882545
-4.452327
-24.222161
-2.363369
-26.392852
16.191416
39.602584
16.975893
6.919802
-10.390915
14.569295
-12.262283
24.794213
-19.491987
1.620290
-29.915300
-14.127259
4.893802
-18.594566
-20.215145
17.575045
35.262223
-2.665532
45.593795
4.038865
-29.182453
-26.346896
16.582186
-13.321720
43.631481
-32.977889
44.560824
-10.820847
-7.200050
-7.802544
12.786301
-41.008634
-18.199960
-20.237805
15.911168
21.409125
44.331490
-46.351115
-3.796662
-25.160497
5.269175
16.288037
10.712244
-39.837023
47.693471
40.497099
27.738022
32.955694
-12.168434
23.331817
-13.005441
8.649114
46.984921
-46.423255
45.327393
40.616402
-29.401144
39.888218
-20.204444
13.398805
-17.914327
42.581857
22.390171
13.885713
-27.655948
-11.698661
-14.705162
-33.324459
-8.049776
31.498176
-8.484956
47.219400
-2.213787
-47.772712
-42.617624
-4.520316
42.724387
35.120398
-21.564621
-19.444047
8.452215
15.429938
39.205067
5.437136
19.006683
34.532460
-3.946461
39.605538
24.420678
25.849094
3.004344
-43.493648
18.430951
-24.605485
20.392065
40.775003
13.695854
-44.313097
-42.549456
-44.353921
37.185079
-1.034412
-47.134522
-15.028708
1.192876
-39.752145
30.450976
-6.082737
45.368253
-41.113645
24.473216
3.820468
24.316293
13.678283
-40.742395
-6.677024
-1.789257
5.311143
-17.071486
-27.368579
-18.839763
35.932858
-20.862227
49.591188
-38.672627
49.529838
40.366191
25.023228
-44.783259
47.816735
30.669306
42.401820
-3.217677
33.534785
-22.626888
47.975199
43.782640
-42.175912
-8.107538
39.150892
-33.289556
-33.634322
-7.028639
41.026737
30.043960
2.228965
-15.650287
-21.745297
-42.459892
17.278227
0.886125
-11.299654
3.211085
30.023897
-11.708466
14.538459
29.553735
-21.342275
-10.438314
34.770476
-23.525540
-29.769007
27.172296
23.256783
-46.234223
-45.454592
21.231982
47.548417
-37.630504
-36.875556
36.699309
-20.920060
-20.509878
-20.329330
-29.893324
-40.465918
31.899635
4.456389
-12.211215
39.439744
-28.265384
38.674910
-21.859911
24.945701
18.698807
16.431624
-10.515840
-1.747457
45.089349
29.045846
-16.976981
-28.436191
49.276839
-39.804686
44.820592
-46.957384
-35.259278
16.052574
-49.408967
-22.889782
29.177018
37.290342
6.190158
-41.332860
-33.038988
26.296834
-31.798778
48.860647
-19.246778
5.990007
38.300391
2.487838
-5.335083
-33.559520
-22.566461
-36.636275
32.872104
16.917699
11.616267
27.961452
-4.036455
44.639286
49.525261
-4.759616
-45.165400
44.345853
-1.717000
-30.424677
10.398428
-1.125967
-3.314459
-10.424554
-13.835625
-47.124302
-1.757414
3.125386
29.172532
16.443808
1.986033
-40.074246
-27.566185
-9.713576
12.413593
17.098732
6.726904
39.847132
30.462457
-10.400992
6.764831
-7.921276
-32.439540
-47.271623
-13.281990
-32.914279
-2.031239
-8.447389
-38.568426
46.251760
11.127933
21.830002
-4.874207
-42.186526
-38.594552
31.290168
-39.310828
9.648033
-15.584446
39.861704
-23.908159
36.401588
49.787459
-1.474344
-23.311988
12.201051
-34.375612
33.414916
2.048184
46.086845
-26.986077
-41.186985
-11.834430
-9.425617
-38.458609
24.883580
7.660104
9.510152
-33.563809
19.091678
5.761912
27.564125
-9.078320
-49.112295
35.377599
2.327128
32.177873
46.066771
-38.024839
-33.406573
35.928475
-11.932998
-47.004985
35.715934
36.592658
-20.316973
-2.083015
-47.782953
-36.902057
49.965169
48.303892
-13.888134
-41.221816
-13.530538
26.686249
-29.680425
-38.646957
-15.653647
29.829727
-22.210766
-46.561969
-14.408361
-44.646641
-5.640289
-13.520655
40.730958
46.686839
-31.342782
36.797729
-41.338000
-14.749355
22.726204
-3.270998
-11.754340
8.442139
-16.678339
17.928687
-43.640876
-14.461292
31.026630
-43.675707
-16.157400
-32.861505
-34.897523
20.312062
43.824744
-14.577948
31.665105
-21.828903
-34.748221
-40.545661
-18.390871
0.843418
-35.192302
25.968840
37.322763
-44.461344
22.655679
-44.020019
42.336385
31.317679
-8.769374
15.062589
-21.953319
29.476287
-26.495272
11.368342
-2.595026
-20.136148
46.907050
-21.568397
-13.811855
-19.250350
-4.429901
1.290622
-48.938288
-10.605157
36.712674
32.726817
17.565940
-48.035547
42.181156
49.175069
2.807871
-43.011146
25.143909
-9.869365
-37.472490
-2.200412
-3.889384
-45.136105
-20.882733
37.341242
19.926484
7.163948
16.817529
43.431212
-31.467710
-35.777498
-26.704936
-34.560660
-7.345894
9.483209
-3.811010
38.224204
-39.226169
-2.749298
-22.380953
47.486505
-20.022481
45.184988
49.450958
-27.841324
44.360057
2.258829
-20.852470
19.503966
42.389464
-8.324960
-32.696446
-11.499920
-3.461064
-3.579178
-24.158678
-33.534580
-46.415230
42.658850
-40.103368
-27.882940
-43.118647
-16.808304
-12.443600
-0.464542
42.674905
33.745390
-12.240337
-46.551264
-19.003908
15.378710
-49.064759
10.973612
10.563698
-49.613801
33.132287
4.923755
2.645028
-37.720182
-25.572279
-4.965508
3.954858
-8.268724
33.534571
-49.506206
38.152097
-40.624107
-33.040786
41.736867
-47.965257
-23.144154
-36.146073
-41.083904
10.047542
1.410328
8.451555
2.722448
-14.844282
46.211217
6.171184
16.151810
11.589928
7.106425
-22.874579
-27.846374
7.492624
-39.742291
27.077381
-39.862348
-27.462474
-48.494898
5.172143
26.492384
-6.763622
-11.293286
26.986178
-18.611524
-1.917393
43.945392
-26.874657
0.117350
-29.198762
-13.020730
9.033446
30.848780
38.389598
-32.514999
-16.428772
-26.454684
-36.303782
39.742412
39.697126
25.286146
-3.151162
-33.177453
47.439771
-45.658539
-22.919744
24.517152
-35.520887
-0.382218
26.022254
19.651256
-23.889833
-30.741367
-41.642029
-46.903655
0.647108
6.440578
47.041737
23.772451
-43.442072
-32.157025
-39.248278
15.591374
48.691755
49.141320
33.076375
-17.737017
-27.313364
46.772593
-27.994604
-37.616238
22.058739
18.854233
-20.793691
19.498510
23.195695
6.286565
-5.984337
37.674808
-44.095653
-29.962083
7.326064
-17.985486
-10.703450
15.684035
-14.889141
39.943658
-27.875388
-17.847404
13.716109
-21.317460
-0.004429
24.467831
44.273914
-1.312674
23.609151
27.350290
30.950310
46.295787
24.122883
-47.044295
-41.320452
-3.818378
21.809939
-12.114143
-34.319868
-4.994367
44.172422
9.695795
-17.319559
-49.923231
29.733712
40.006505
-17.908716
-30.969738
5.690539
17.202143
-41.026080
27.815152
49.354739
22.690029
-43.502308
-0.649690
-2.842140
-49.228393
48.037636
-29.232989
28.121896
28.987946
-32.937203
2.244779
31.943651
-24.257654
48.426401
3.753589
13.628203
-35.893467
48.759223
7.800625
23.802328
-18.560337
7.877394
3.536041
-28.553832
39.968678
22.566302
27.136708
7.170820
31.540222
4.951860
6.525559
4.230251
11.449552
-44.124131
-48.611889
12.221158
-46.086495
-27.844879
-9.656946
32.901451
-10.782081
42.587833
14.845102
14.960264
41.014234
-31.401309
-21.411533
-44.879232
-32.642086
36.389092
28.923096
-1.202423
-5.733514
-17.540863
20.243745
-15.764837
-44.974561
-2.619547
41.405983
36.565661
-47.667687
-2.068458
-9.204088
13.781864
3.807412
-7.815977
-23.996978
7.720917
14.339144
16.346077
-9.377633
-46.442937
8.933910
-44.532531
18.517327
-0.051855
-25.933840
47.105794
5.068913
-8.575926
33.494886
-16.007991
40.221650
-22.238629
16.451146
10.465396
11.996534
21.476585
-42.154151
3.402518
8.042247
-39.821838
-48.665940
48.838159
23.960026
5.141472
-8.977818
49.963048
-37.137611
-44.638674
16.309125
3.484756
-41.081610
-24.756965
8.952225
