27.435717
25.191180
33.018385
24.541511
-19.739907
-25.557542
8.036397
14.252102
-35.335891
35.797769
-19.296752
25.129505
-2.205697
-47.820167
32.975354
-48.803179
10.222080
43.153515
-47.469119
9.060239
17.113541
7.672353
-49.917579
17.076590
20.534742
-44.556253
-16.614285
-25.980503
-35.637863
8.628751
32.971722
41.797854
-16.180069
15.990107
16.339365
14.080023
40.432566
-25.624238
-21.667875
-44.903325
-39.826469
9.035372
30.226179
7.967834
11.215205
13.201533
9.164655
-28.562715
6.355048
11.695536
30.497524
-26.531410
-30.632111
30.579945
40.545180
39.902631
36.023692
-26.069105
-36.077872
-49.614171
32.559646
46.893851
42.183682
-33.620424
12.883958
8.523048
30.459599
3.316524
32.898810
-41.208276
8.413198
43.072341
17.827096
-11.360622
1.040175
-20.957698
-48.159089
-39.795169
0.479587
8.195959
21.900367
-19.022889
31.664549
41.268256
-38.442944
22.209729
31.170887
47.580748
46.140624
45.093015
47.966577
28.700269
41.986866
40.150259
45.079845
4.870824
-1.326693
25.539445
-41.812652
-18.427883
34.331169
16.600546
-25.355542
2.158265
-44.760076
25.684633
31.200567
-42.919165
35.889464
-18.319846
15.276794
7.789831
12.657265
-3.058657
-0.941913
24.214321
-30.848928
-19.771026
21.795069
-34.708305
-24.678010
19.761646
43.991965
-32.691144
9.911905
39.071810
22.179680
-41.414788
14.611254
30.367028
-9.842671
-1.057577
-3.032426
14.801787
-48.899312
2.207498
-9.513580
32.301255
9.288333
-23.624115
-36.018591
-25.434874
34.165716
26.638674
21.506469
-16.776197
0.852996
40.657541
13.452777
-27.351935
-44.050764
38.774767
42.409712
49.941201
-43.916377
2.321617
39.013011
28.263303
10.906829
3.624265
8.630331
-48.935842
-47.433312
-44.402094
15.865945
-46.332624
7.805404
-43.647635
35.968631
-32.906264
-17.271750
49.950040
-8.341137
-33.106034
26.588714
-36.834668
0.117769
-22.558290
-46.177127
-36.429454
0.089776
-40.227891
-47.654687
-7.500513
-40.286690
-41.571063
44.821104
48.726320
36.692240
5.727933
2.350585
-4.677428
6.792091
4.917273
0.920477
-27.341964
8.584649
-41.274119
-20.989599
-5.446720
-24.180383
11.738651
-5.496680
17.478480
28.632617
-28.907966
30.643812
-21.249614
-1.466255
34.466685
-7.679068
48.623520
44.238794
-5.333755
-8.876993
-46.047896
3.095182
-14.055889
-47.321575
-10.212578
41.672045
5.029010
35.109994
-1.535865
-40.053716
-13.969529
21.122171
18.530933
-5.243648
-49.867427
-36.915787
20.575969
11.871224
7.587533
-11.945551
-9.496159
28.679567
-31.301739
19.254227
-22.786688
-46.835054
-38.424842
-24.163168
47.403741
6.241404
16.959840
-48.644155
-40.663414
-47.096049
-45.965730
-0.875992
44.575996
9.063280
-15.765998
-6.959869
19.009563
20.264473
-35.837698
-12.459504
-34.979175
-35.705125
0.624710
35.596794
26.166099
-41.787757
-26.348757
-33.330060
36.891810
-7.650496
35.924167
-35.894878
-4.485549
47.499325
-10.058046
-7.081808
3.740729
-43.098206
-5.725964
13.077315
-40.194255
-1.691694
-37.798677
-45.618259
-42.628414
-3.564675
-2.578128
26.381149
-33.300202
11.584174
-36.078354
-18.279378
25.879049
14.546355
-32.682584
2.045149
22.758598
-9.031341
18.715089
9.650408
33.318164
4.639256
23.755531
-21.167386
2.138581
-36.302515
21.750806
-44.120690
-29.400721
-33.975158
18.956625
-19.594976
14.333149
31.157948
-15.213236
21.704735
-22.406727
32.208636
-1.914116
-5.706930
-6.207190
12.007530
26.013692
-30.328141
-23.446115
43.331109
21.717008
49.312484
-15.700232
-9.567903
8.962892
-32.382069
45.071353
-17.281577
-3.549454
-2.790066
-3.584092
-31.798648
3.089244
17.015187
-15.773806
-27.954131
47.420210
48.559343
-46.796183
-17.793025
20.264078
-19.202911
-35.584389
-31.650038
25.090160
8.208421
30.357492
1.103852
27.880281
-43.088623
-5.565039
-0.402711
-43.776139
28.734729
40.029385
15.186753
46.352660
35.100738
47.905176
-7.196794
-17.689328
-5.678917
11.004558
35.399916
-38.663730
45.230752
-42.554216
-41.243520
43.790095
-39.350399
-9.036545
14.054172
-8.553309
5.379066
32.404134
-33.463149
-36.412513
12.761626
17.640703
41.467768
19.673003
-37.924336
-8.934944
25.896864
40.810392
-18.905558
-8.916383
37.163052
-33.804820
-11.011207
-20.033742
-1.494149
33.309876
40.970816
-16.094233
44.646146
36.201568
-8.648448
-46.597374
29.991663
2.001153
-5.633918
-5.954165
43.447844
49.745148
-23.550031
-40.015306
-36.667365
39.211595
27.625397
-45.199598
8.884598
39.701061
-4.134542
-15.218538
30.511453
26.959900
25.865079
17.674506
43.155080
-35.146128
47.640764
-8.339069
48.163748
38.611580
25.566698
42.809894
24.813148
-33.081750
46.212521
4.804811
18.919403
-9.421398
48.850646
12.367247
-9.676250
-24.699385
22.351941
3.656385
-35.487790
-0.022662
8.456787
23.396808
-10.321601
-45.677754
-41.821730
-29.810148
31.282146
34.043349
37.864358
24.437226
48.897221
35.505121
-33.901843
47.060969
24.116701
41.664856
39.870864
-1.070151
-41.416894
36.083385
-46.265340
27.502508
-23.338013
-47.414694
-10.130245
16.985737
-22.114079
-37.778304
-29.357878
-7.601869
12.199034
29.098909
-34.205061
-48.122567
33.421155
-26.026791
-27.932715
14.703301
-41.983441
-40.068358
-10.859474
-43.086220
45.436764
5.238683
-46.025250
19.553465
-3.096461
43.845613
-31.516686
5.486644
29.928998
-27.782026
-17.010847
-43.409015
-25.196720
22.858908
23.576722
2.689201
35.080604
44.218844
45.087332
-2.720362
23.317753
-39.117729
-0.842929
6.738908
-15.144519
21.224356
-28.557791
-7.127960
31.155998
10.582736
-0.214180
26.592762
-34.178581
3.760569
-3.853772
12.724958
-2.393818
14.629542
-31.788398
-22.464820
36.847516
1.200755
-15.873835
-38.349203
-25.940336
-42.297113
14.339998
-40.859732
-48.078269
9.427330
6.419906
25.239485
20.309601
-44.423023
-18.021607
-44.834918
26.801333
3.420602
-1.962879
7.957332
-35.996662
47.822941
-15.449906
-20.175243
1.583510
30.696322
42.549715
49.189692
-4.674136
-39.238683
-23.275127
-17.826620
11.962073
10.851038
-6.175823
36.021736
18.553925
-41.835826
45.162004
20.475656
17.591504
1.581910
-4.284859
-12.098895
7.158887
27.693534
-6.933813
-16.039780
-18.885864
41.103308
41.917552
-4.882526
38.926249
-23.532354
24.942231
-9.490241
-42.836032
17.491945
-10.300548
2.489831
28.253263
16.424324
34.663211
-9.784665
-22.724638
-21.512612
-23.762928
45.829287
-13.348438
-28.600924
16.304943
-45.756934
22.980986
-37.979917
-7.855828
-19.860127
39.713617
35.210359
14.100093
-29.172247
26.313667
6.017645
15.945227
15.239916
32.485291
-9.112543
-44.250324
39.649258
-41.620597
-4.550872
-7.860910
36.632666
-38.126548
-23.197699
-23.151999
-10.851186
5.289689
3.085073
-15.021899
41.941251
24.484149
-48.716957
46.184317
-2.534866
-36.696873
-11.671511
27.605007
-46.983256
-26.461152
-8.294900
-26.155503
49.852515
47.722744
39.789724
15.092431
30.208035
-19.322819
20.842107
19.857294
-10.943416
-33.708765
-38.003617
-24.310750
-21.835313
-11.201316
2.537251
17.313500
44.088373
-44.377676
-47.708399
36.029624
30.106473
-46.425356
32.213941
-22.428393
-33.122229
-29.457570
-44.823386
-30.105485
-5.918722
-3.118287
-6.260988
-6.066208
-5.395542
-16.471264
-40.973776
-25.187507
14.205917
29.868331
44.669787
-46.737498
46.159566
-43.333830
-21.048248
-25.675748
-4.535146
31.489003
41.637753
-10.446773
37.111327
43.929353
-24.417149
17.217799
47.503998
-42.203208
44.789406
-35.618231
-21.660778
49.966019
-15.723716
22.420499
-3.152267
28.015296
-33.645708
41.452190
-38.455968
-24.619485
-33.735317
25.749949
-44.751154
-39.065530
29.012451
-48.591588
-32.399360
-42.035797
-24.267336
13.065494
39.453205
-32.629583
-47.381279
26.564532
-38.700230
-21.798428
-6.217669
-41.196232
-14.001636
-11.428263
-26.814463
14.337585
-11.462244
7.461821
-13.241915
35.385488
-14.522883
3.112376
26.837679
-2.978852
28.492892
43.102362
-27.228902
33.741738
-45.963168
-48.216451
35.150150
-28.362528
-40.252249
-39.117186
34.702966
49.200957
-21.746770
37.321688
25.765489
-10.447000
-34.476740
-30.452181
-1.643232
1.521624
8.119556
21.542305
-34.140791
46.657312
-20.995874
2.617294
32.042801
14.481242
-44.270330
8.880479
-38.497609
34.222561
1.982841
-15.726511
17.964299
6.019673
-13.942963
3.114449
27.657145
-4.195211
13.997263
12.360112
-4.994254
42.250493
-0.318201
-29.228766
-18.196506
15.205059
-9.680946
30.160262
-33.273317
48.438610
1.702568
-17.414108
45.095922
30.706693
35.203186
27.138722
-4.812064
40.932856
-13.980798
6.690327
25.155418
38.002043
40.963815
-6.880283
-5.978284
-22.979147
46.234166
-28.321139
22.825642
10.231429
34.038973
-32.168612
2.481922
-16.279228
-11.397378
34.285416
48.925832
28.921675
14.445679
-34.347485
27.360285
-33.851754
-1.761592
22.456207
46.854940
-16.558406
-0.405071
-7.957125
-25.625550
35.614131
48.733202
49.529868
23.616174
39.697018
-7.350415
-32.362110
-33.282129
-11.116249
-10.683249
39.543512
49.115180
-26.644276
-42.625100
1.597102
7.076496
-4.022478
-14.117481
6.002328
-25.100803
-49.671803
21.654844
-47.740518
-33.523557
-30.106749
24.715688
-36.668617
3.334845
-25.689382
5.374258
27.709295
-40.075252
4.107460
27.239163
33.540922
-6.195522
-30.111252
-48.821188
10.522349
8.772498
-9.504437
0.065861
7.887678
13.851287
7.440761
-40.515219
-29.072217
-46.581717
-4.632701
26.930112
-21.682520
-4.304504
-1.415045
-19.423039
12.171940
18.478207
-44.707350
25.503323
-28.186948
-20.396733
-19.122419
49.522347
-10.471984
34.985042
26.761510
-26.931062
-21.210480
46.650258
-25.752251
39.311868
5.422756
14.743312
-10.622270
-36.689566
-21.405401
46.818491
-27.204785
-0.477618
-49.763227
18.162514
-23.547506
-21.445747
-36.141989
25.037449
9.131215
26.029951
-6.484345
14.423864
1.533274
15.328707
44.027132
32.410855
14.851054
-16.444852
17.395897
-8.387436
6.624085
46.185417
-11.737178
30.871835
35.497285
43.685578
-4.384853
-25.124985
-43.003987
24.209746
-28.306495
-20.208772
-26.267872
-28.069721
47.953742
0.184622
0.484532
-38.188247
-24.777930
-40.384253
37.841703
18.737726
24.039611
-10.625023
-15.933567
18.066743
-28.214168
48.917488
-48.378110
39.181729
-9.469948
8.245976
35.367145
28.792874
-10.882189
20.864430
22.478453
34.732958
45.739445
29.474465
8.942703
-32.567050
-40.734307
32.674831
-10.636771
-42.780565
-17.140547
39.847761
-30.968812
8.081523
49.463508
-43.127109
-23.180751
23.503119
-3.752132
10.885683
-8.430138
18.033700
9.803170
-6.808248
7.215429
-49.666778
-48.562272
-7.417426
29.126097
-9.444462
-36.552996
1.604549
-24.711504
-40.813551
-18.920985
34.231199
-23.380601
-9.655292
16.906031
15.982628
-2.435857
49.765484
5.830389
16.595331
7.847007
5.293897
23.468222
34.666256
-21.202984
-30.283910
-4.448061
20.366877
37.749790
-44.644891
-36.441371
-5.034781
-44.311669
-35.003643
37.547793
34.814428
5.551896
-49.005203
-13.581023
30.840392
-39.818754
17.497992
